
      2136   1996       32         0.176900         9.479000         0.077900         1.841700         0.640300    10036        40.759500       -73.989900         61     36 
      2136   1997       32         0.175300        10.321200         0.098800         2.072500         0.649300    10036        40.759500       -73.989900         61     36 
      2136   1998       32         0.163800        10.359900         0.054900         2.284900         0.667600    10036        40.759500       -73.989900         61     36 
      2136   1999       32         0.168100        10.409600         0.076200         2.273000         0.627600    10036        40.759500       -73.989900         61     36 
      2136   2000       32         0.215800        11.079500         0.188400         1.612400         0.421900    10036        40.759500       -73.989900         61     36 
      2136   2001       32         0.240800        11.115300         0.002400         1.564300         0.435700    10036        40.759500       -73.989900         61     36 
      2136   2002       32         0.224300        11.121700         0.023900         1.439900         0.444800    10036        40.759500       -73.989900         61     36 
      2136   2003       32         0.197700        11.123600         0.018400         1.383400         0.453800    10036        40.759500       -73.989900         61     36 
      2136   2004       32         0.163200        11.174400         0.047200         1.449700         0.446600    10036        40.759500       -73.989900         61     36 
      2136   2005       32         0.184300        11.226700         0.044600         1.259000         0.447900    10036        40.759500       -73.989900         61     36 
      2136   2006       32         0.146200        11.386700         0.036900         1.317200         0.436200    10036        40.759500       -73.989900         61     36 
      2136   2007       32         0.118900        11.445400         0.029200         1.401700         0.456200    10036        40.759500       -73.989900         61     36 
      2136   2008       32         0.202200        11.486100         0.034400         1.269800         0.427700    10036        40.759500       -73.989900         61     36 
      2136   2009       32         0.222700        11.588100         0.018000         1.230300         0.402500    10036        40.759500       -73.989900         61     36 
      2136   2010       32         0.186800        11.578700         0.011200         1.284500         0.398700    10036        40.759500       -73.989900         61     36 
      2136   2011       32         0.179000        11.616200         0.010900         1.337300         0.383700    10036        40.759500       -73.989900         61     36 
      2136   2012       32         0.164600        11.660000         0.003800         1.402000         0.393600    10036        40.759500       -73.989900         61     36 
      2136   2013       32         0.249000        11.699800         0.051000         1.371400         0.324500    10036        40.759500       -73.989900         61     36 
      2884   1996       32         0.225900         6.621000         0.069300         1.409200         0.566400    71203        32.597900       -92.032400         73     22 
      2884   1997       32         0.413600         6.805200         0.126200         1.368000         0.479600    71203        32.597900       -92.032400         73     22 
      2884   1998       32         0.271300         7.364000         0.048600         1.950300         0.476400    71203        32.597900       -92.032400         73     22 
      2884   1999       32         0.225400         7.425200         0.048600         2.018000         0.479500    71203        32.597900       -92.032400         73     22 
      2884   2000       32         0.369900         7.521300         0.049200         1.470000         0.462900    71203        32.597900       -92.032400         73     22 
      2884   2001       32         0.359100         7.658400         0.053700         1.364500         0.474700    71203        32.597900       -92.032400         73     22 
      2884   2002       32         0.410400         7.591200         0.126900         1.144100         0.454500    71203        32.597900       -92.032400         73     22 
      2884   2003       32         0.348300         7.775000         0.044400         1.156900         0.437600    71203        32.597900       -92.032400         73     22 
      2884   2004       32         0.331300         7.788200         0.042700         1.165900         0.428600    71203        32.597900       -92.032400         73     22 
      2884   2005       32         0.312100         7.801500         0.042900         1.094900         0.425700    71203        32.597900       -92.032400         73     22 
      2884   2006       32         0.281500         7.802500         0.047700         1.236700         0.417900    71203        32.597900       -92.032400         73     22 
      2884   2007       32         0.324800         7.849200         0.056200         1.133900         0.379800    71203        32.597900       -92.032400         73     22 
      2884   2008       32         0.423200         7.863000         0.044700         0.948800         0.350800    71203        32.597900       -92.032400         73     22 
      2884   2009       32         0.323900         8.512000         0.078400         1.060800         0.403200    71203        32.597900       -92.032400         73     22 
      2884   2010       32         0.276800         8.859700         0.042000         1.201400         0.397200    71203        32.597900       -92.032400         73     22 
      2884   2011       32         0.374400         9.639000         0.026000         1.038900         0.346200    71203        32.597900       -92.032400         73     22 
      2884   2012       32         0.348000         9.818900         0.013800         1.096000         0.352300    71203        32.597900       -92.032400         73     22 
      2884   2013       32         0.394200         9.803400        -0.004400         1.027000         0.360100    71203        32.597900       -92.032400         73     22 
      3036   1996       32         0.096800         7.361800         0.116200         3.113500         0.590000    45202        39.109400       -84.488500         61     39 
      3036   1997       32         0.089500         7.471800        -0.009800         3.427700         0.469200    45202        39.109400       -84.488500         61     39 
      3036   1998       32         0.091300         6.786800         0.100000         5.817300         0.670700    45202        39.109400       -84.488500         61     39 
      3036   1999       32         0.180100         7.031800         0.030200         1.830200         0.384200    45202        39.109400       -84.488500         61     39 
      3036   2000       32         0.265300         7.626100        -0.057900         1.466900         0.457900    45202        39.109400       -84.488500         61     39 
      3036   2001       32         0.417300         7.762800        -0.044200         1.082800         0.484700    45202        39.109400       -84.488500         61     39 
      3036   2002       32         0.520500         7.648700        -0.668900         3.349100         0.591400    45202        39.109400       -84.488500         61     39 
      3036   2003       32         0.555700         7.351700         0.907500         1.985700         0.433500    45202        39.109400       -84.488500         61     39 
      3036   2004       32         0.573900         7.096800         0.031000         1.904800         0.434500    45202        39.109400       -84.488500         61     39 
      3036   2005       32         0.579400         7.098900        -0.032900         1.931000         0.429600    45202        39.109400       -84.488500         61     39 
      3036   2006       32         0.509900         7.147600         0.046300         2.018900         0.406600    45202        39.109400       -84.488500         61     39 
      3036   2007       32         0.502900         7.207600         0.036300         1.978800         0.462300    45202        39.109400       -84.488500         61     39 
      3036   2008       32         0.582600         7.247100         0.050800         1.612700         0.500500    45202        39.109400       -84.488500         61     39 
      3036   2009       32         0.559100         7.198200         0.042900         1.714700         0.544200    45202        39.109400       -84.488500         61     39 
      3036   2010       32         0.630200         7.228400         0.013700         1.509200         0.476500    45202        39.109400       -84.488500         61     39 
      3036   2011       32         0.610200         7.288500         0.007000         1.529600         0.515900    45202        39.109400       -84.488500         61     39 
      3036   2012       32         0.559200         7.296300         0.004100         1.674400         0.552600    45202        39.109400       -84.488500         61     39 
      3036   2013       32         0.619800         7.137200        -0.019000         1.734200         0.428400    45202        39.109400       -84.488500         61     39 
      3226   1996       32         0.422000         8.303900        -0.005600         1.437400         0.210000    19103        39.953800       -75.176300        101     42 
      3226   1997       32         0.291100         8.499800        -0.019700         1.795500         0.226200    19103        39.953800       -75.176300        101     42 
      3226   1998       32         0.167600         8.546000         0.075900         2.245700         0.170400    19103        39.953800       -75.176300        101     42 
      3226   1999       32         0.162000         8.733900         0.071900         1.984600         0.118500    19103        39.953800       -75.176300        101     42 
      3226   2000       32         0.177400         9.014300         0.070500         1.704700         0.145600    19103        39.953800       -75.176300        101     42 
      3226   2001       32         0.211500         9.177300         0.017000         1.512800         0.183900    19103        39.953800       -75.176300        101     42 
      3226   2002       32         0.273200         9.430400        -0.007200         1.129600         0.166800    19103        39.953800       -75.176300        101     42 
      3226   2003       32         0.191000         9.817300         0.028600         1.294600         0.169200    19103        39.953800       -75.176300        101     42 
      3226   2004       32         0.172300         9.918800         0.008900         1.307500         0.178700    19103        39.953800       -75.176300        101     42 
      3226   2005       32         0.197500        10.010400         0.008900         1.147500         0.182000    19103        39.953800       -75.176300        101     42 
      3226   2006       32         0.184100        10.125300         0.024600         1.425700         0.192500    19103        39.953800       -75.176300        101     42 
      3226   2007       32         0.246500        10.338400         0.023400         1.120300         0.208300    19103        39.953800       -75.176300        101     42 
      3226   2008       32         0.267800        10.441600         0.022500         1.072300         0.216300    19103        39.953800       -75.176300        101     42 
      3226   2009       32         0.246900        10.484500         0.032200         1.045400         0.211600    19103        39.953800       -75.176300        101     42 
      3226   2010       32         0.232400        10.543700         0.032200         1.140400         0.198400    19103        39.953800       -75.176300        101     42 
      3226   2011       32         0.225000        10.930300         0.035100         1.107000         0.174600    19103        39.953800       -75.176300        101     42 
      3226   2012       32         0.188900        11.044100         0.039300         1.298600         0.165100    19103        39.953800       -75.176300        101     42 
      3226   2013       32         0.196400        11.076900         0.041300         1.533700         0.187900    19103        39.953800       -75.176300        101     42 
      3980   1996       32         0.193300         9.838400         0.083100         1.711500         0.320100    91521        34.156900      -118.325200         37      6 
      3980   1997       32         0.148400        10.020100         0.052700         1.974500         0.353500    91521        34.156900      -118.325200         37      6 
      3980   1998       32         0.156800        10.042200         0.049000         1.801500         0.310600    91521        34.156900      -118.325200         37      6 
      3980   1999       32         0.152700        10.060600         0.031400         1.752600         0.316700    91521        34.156900      -118.325200         37      6 
      3980   2000       32         0.094600        10.142600         0.021100         2.221400         0.273400    91521        34.156900      -118.325200         37      6 
      3980   2001       32         0.167100        10.137400        -0.003500         1.337600         0.295400    91521        34.156900      -118.325200         37      6 
      3980   2002       32         0.253900        10.139700         0.028300         1.140200         0.255400    91521        34.156900      -118.325200         37      6 
      3980   2003       32         0.201200        10.205900         0.025300         1.336400         0.253600    91521        34.156900      -118.325200         37      6 
      3980   2004       32         0.189700        10.333700         0.046900         1.352200         0.305800    91521        34.156900      -118.325200         37      6 
      3980   2005       32         0.170300        10.371800         0.047000         1.418100         0.319200    91521        34.156900      -118.325200         37      6 
      3980   2006       32         0.150200        10.442500         0.063500         1.533000         0.286100    91521        34.156900      -118.325200         37      6 
      3980   2007       32         0.158200        10.477600         0.078100         1.602800         0.286100    91521        34.156900      -118.325200         37      6 
      3980   2008       32         0.172800        10.541200         0.072700         1.378000         0.280500    91521        34.156900      -118.325200         37      6 
      3980   2009       32         0.163000        10.495400         0.052900         1.256600         0.278800    91521        34.156900      -118.325200         37      6 
      3980   2010       32         0.134500        10.547000         0.062800         1.365100         0.257300    91521        34.156900      -118.325200         37      6 
      3980   2011       32         0.162300        10.618700         0.069500         1.218600         0.273100    91521        34.156900      -118.325200         37      6 
      3980   2012       32         0.113100        10.652000         0.078800         1.725600         0.287200    91521        34.156900      -118.325200         37      6 
      3980   2013       32         0.096000        10.715400         0.081900         1.869700         0.275500    91521        34.156900      -118.325200         37      6 
      5284   1996       32         0.467200         4.385800         0.032200         1.242300         0.119800    30319        33.877300       -84.334000         89     13 
      5284   1997       32         0.473000         4.649600        -0.004700         1.391200         0.122000    30319        33.877300       -84.334000         89     13 
      5284   1998       32         0.470700         4.866700         0.120700         1.226000         0.110400    30319        33.877300       -84.334000         89     13 
      5284   1999       32         0.491600         4.976400        -0.013500         1.179700         0.122100    30319        33.877300       -84.334000         89     13 
      5284   2000       32         0.512800         5.148700        -0.009400         1.148100         0.114000    30319        33.877300       -84.334000         89     13 
      5284   2001       32         0.631000         5.058400        -0.020900         1.100100         0.079800    30319        33.877300       -84.334000         89     13 
      5284   2002       32         0.432100         5.296500        -0.035100         1.174600         0.098900    30319        33.877300       -84.334000         89     13 
      5284   2003       32         0.381600         5.691600         0.010800         1.296900         0.101100    30319        33.877300       -84.334000         89     13 
      5284   2004       32         0.374300         5.851000         0.033400         1.276000         0.103500    30319        33.877300       -84.334000         89     13 
      5284   2005       32         0.488200         5.570500         0.002400         1.064300         0.106700    30319        33.877300       -84.334000         89     13 
      5284   2006       32         0.531400         5.808600         0.007700         0.984300         0.114900    30319        33.877300       -84.334000         89     13 
      5284   2007       32         0.552500         5.731000        -0.014200         1.029700         0.106400    30319        33.877300       -84.334000         89     13 
      5284   2008       32         0.678000         5.793500        -0.124200         0.923500         0.127400    30319        33.877300       -84.334000         89     13 
      5284   2009       32         0.646300         5.603500        -0.018000         0.983400         0.118900    30319        33.877300       -84.334000         89     13 
      5284   2010       32         0.677800         5.849500         0.018600         0.981800         0.110400    30319        33.877300       -84.334000         89     13 
      5284   2011       32         0.691400         5.730500         0.007300         0.975400         0.111100    30319        33.877300       -84.334000         89     13 
      5284   2012       32         0.675800         6.005900         0.022800         0.986100         0.108100    30319        33.877300       -84.334000         89     13 
      5284   2013       32         0.416600         5.829500         0.014600         1.516300         0.107600    30319        33.877300       -84.334000         89     13 
      6995   1996       32         0.007400         4.213000         0.140900         2.076300         0.573600    56002        44.163700       -93.999300         13     27 
      6995   1997       32         0.191400         4.349800         0.217200         1.951300         0.514000    56002        44.163700       -93.999300         13     27 
      6995   1998       32         0.276100         4.559900         0.120400         1.706100         0.399300    56002        44.163700       -93.999300         13     27 
      6995   1999       32         0.331000         4.585700         0.090900         1.616000         0.410500    56002        44.163700       -93.999300         13     27 
      6995   2000       32         0.321300         4.636100         0.035900         1.810900         0.456700    56002        44.163700       -93.999300         13     27 
      6995   2001       32         0.389500         4.695700         0.034200         1.548700         0.478800    56002        44.163700       -93.999300         13     27 
      6995   2002       32         0.505100         4.678300        -0.058700         1.310900         0.567300    56002        44.163700       -93.999300         13     27 
      6995   2003       32         0.407800         4.542100        -0.053200         1.683100         0.648800    56002        44.163700       -93.999300         13     27 
      6995   2004       32         0.378400         4.516500         0.043200         1.641000         0.680500    56002        44.163700       -93.999300         13     27 
      6995   2005       32         0.491000         4.538100         0.050600         1.307000         0.668900    56002        44.163700       -93.999300         13     27 
      6995   2006       32         0.522900         4.897100         0.010200         1.283600         0.673600    56002        44.163700       -93.999300         13     27 
      6995   2007       32         0.449800         5.048300         0.038000         1.403900         0.672200    56002        44.163700       -93.999300         13     27 
      6995   2008       32         0.516000         5.038100         0.035300         1.181500         0.671200    56002        44.163700       -93.999300         13     27 
      6995   2009       32         0.419200         4.942400         0.050000         1.364700         0.689800    56002        44.163700       -93.999300         13     27 
      6995   2010       32         0.402500         5.093600         0.054400         1.372900         0.673700    56002        44.163700       -93.999300         13     27 
      6995   2011       32         0.364100         5.103100         0.036500         1.431300         0.630900    56002        44.163700       -93.999300         13     27 
      6995   2012       32         0.412800         5.216000         0.034000         1.308200         0.681900    56002        44.163700       -93.999300         13     27 
      6995   2013       32         0.367900         5.248100         0.028800         1.467600         0.679400    56002        44.163700       -93.999300         13     27 
     10411   1996       32         0.269000         7.103000         0.036900         1.043800         0.435300    60602        41.883200       -87.627300         31     17 
     10411   1997       32         0.335900         7.294700        -0.002300         1.171500         0.495900    60602        41.883200       -87.627300         31     17 
     10411   1998       32         0.337800         7.499300         0.013000         1.092500         0.483500    60602        41.883200       -87.627300         31     17 
     10411   1999       32         0.150500         7.582800         0.041600         1.970900         0.389900    60602        41.883200       -87.627300         31     17 
     10411   2000       32         0.199200         7.752700         0.416100         1.155900         0.253200    60602        41.883200       -87.627300         31     17 
     10411   2001       32         0.218800         7.859200        -0.022900         1.215900         0.317900    60602        41.883200       -87.627300         31     17 
     10411   2002       32         0.443100         8.001800        -0.122300         0.969400         0.332900    60602        41.883200       -87.627300         31     17 
     10411   2003       32         0.345600         8.145000         0.004900         1.047900         0.328700    60602        41.883200       -87.627300         31     17 
     10411   2004       32         0.305100         8.221900         0.004800         1.111100         0.310500    60602        41.883200       -87.627300         31     17 
     10411   2005       32         0.331400         8.282500         0.059000         1.075400         0.338700    60602        41.883200       -87.627300         31     17 
     10411   2006       32         0.254200         8.381500         0.015500         1.260800         0.337900    60602        41.883200       -87.627300         31     17 
     10411   2007       32         0.198000         8.482600         0.036400         1.348600         0.356300    60602        41.883200       -87.627300         31     17 
     10411   2008       32         0.219800         8.535600         0.009500         0.973200         0.466400    60602        41.883200       -87.627300         31     17 
     10411   2009       32         0.201300         8.521500         0.025300         0.976200         0.461000    60602        41.883200       -87.627300         31     17 
     10411   2010       32         0.193800         8.514800         0.018900         0.998100         0.458400    60602        41.883200       -87.627300         31     17 
     10411   2011       32         0.224500         8.552800         0.025800         0.831900         0.461500    60602        41.883200       -87.627300         31     17 
     10411   2012       32         0.246000         8.584200         0.010000         0.812200         0.463500    60602        41.883200       -87.627300         31     17 
     10411   2013       32         0.226800         8.497400         0.016500         0.852400         0.435500    60602        41.883200       -87.627300         31     17 
     10984   1996       32         0.128200         9.550100         0.077900         1.509100         0.617200    66251        38.918500       -94.658000         91     20 
     10984   1997       32         0.112900         9.607400         0.056200         1.889900         0.632100    66251        38.918500       -94.658000         91     20 
     10984   1998       32         0.101500         9.681500         0.084400         2.411600         0.646600    66251        38.918500       -94.658000         91     20 
     10984   1999       32         0.077500         9.742000         0.081300         3.216700         0.642200    66251        38.918500       -94.658000         91     20 
     10984   2000       32         0.154000         9.780700         0.090100         1.237900         0.669500    66251        38.918500       -94.658000         91     20 
     10984   2001       32         0.170500         9.736500        -0.006200         1.290000         0.724500    66251        38.918500       -94.658000         91     20 
     10984   2002       32         0.160000         9.627900         0.050000         1.076900         0.733200    66251        38.918500       -94.658000         91     20 
     10984   2003       32         0.074800         9.560000         0.084300         1.067500         0.734200    66251        38.918500       -94.658000         91     20 
     10984   2004       32         0.266900        10.219400        -0.046300         1.559700         0.547600    66251        38.918500       -94.658000         91     20 
     10984   2005       32         0.215900        10.453900         0.043200         1.159300         0.303500    66251        38.918500       -94.658000         91     20 
     10984   2006       32         0.224300        10.622000         0.013000         1.016400         0.266200    66251        38.918500       -94.658000         91     20 
     10984   2007       32         0.278500        10.600300        -0.304400         1.239500         0.413300    66251        38.918500       -94.658000         91     20 
     10984   2008       32         0.492500        10.481100        -0.043600         0.753200         0.384100    66251        38.918500       -94.658000         91     20 
     10984   2009       32         0.436900        10.381600        -0.041800         0.869800         0.329800    66251        38.918500       -94.658000         91     20 
     10984   2010       32         0.405900        10.391000        -0.062500         0.963100         0.294500    66251        38.918500       -94.658000         91     20 
     10984   2011       32         0.450900        10.424700        -0.055900         0.910600         0.283700    66251        38.918500       -94.658000         91     20 
     10984   2012       32         0.395500        10.472900        -0.087600         1.193500         0.263900    66251        38.918500       -94.658000         91     20 
     10984   2013       32         0.321100        10.477100        -0.058500         1.194000         0.187700    66251        38.918500       -94.658000         91     20 
     12485   1996       32         0.540500         7.182500        -0.132700         2.033000         0.458400    11714        40.740700       -73.486800         59     36 
     12485   1997       32         0.451200         7.575800         0.045000         1.849600         0.325500    11714        40.740700       -73.486800         59     36 
     12485   1998       32         0.310300         8.091400        -0.079700         2.445300         0.355000    11714        40.740700       -73.486800         59     36 
     12485   1999       32         0.261900         8.279900        -0.113400         3.264200         0.386000    11714        40.740700       -73.486800         59     36 
     12485   2000       32         0.254800         8.392100         0.032200         3.101600         0.397100    11714        40.740700       -73.486800         59     36 
     12485   2001       32         0.284800         8.390600         0.121800         2.409600         0.399100    11714        40.740700       -73.486800         59     36 
     12485   2002       32         0.456700         8.295200         0.008800         1.611500         0.441000    11714        40.740700       -73.486800         59     36 
     12485   2003       32         0.505100         8.337600        -0.028300         1.777400         0.410500    11714        40.740700       -73.486800         59     36 
     12485   2004       32         0.519200         8.503900        -0.060400         1.859900         0.371400    11714        40.740700       -73.486800         59     36 
     12485   2005       32         0.514800         8.552000         0.007800         1.945700         0.393900    11714        40.740700       -73.486800         59     36 
     12485   2006       32         0.531000         8.687500        -0.012900         2.388200         0.377300    11714        40.740700       -73.486800         59     36 
     12485   2007       32         0.541800         8.777300         0.022200         2.346600         0.379900    11714        40.740700       -73.486800         59     36 
     12485   2008       32         0.607100         8.886100        -0.024900         2.104700         0.370100    11714        40.740700       -73.486800         59     36 
     12485   2009       32         0.510600         8.958600         0.030400         2.389100         0.355500    11714        40.740700       -73.486800         59     36 
     12485   2010       32         0.510500         8.886300         0.038700         2.842200         0.388000    11714        40.740700       -73.486800         59     36 
     12485   2011       32         0.671400         8.810100         0.033000         2.326600         0.457700    11714        40.740700       -73.486800         59     36 
     12485   2012       32         0.654500         8.808900         0.032700         2.324000         0.466200    11714        40.740700       -73.486800         59     36 
     12485   2013       32         0.585200         8.737600         0.064300         2.530100         0.451900    11714        40.740700       -73.486800         59     36 
     13375   1996       32         0.357500         5.111300         0.088000         1.400600         0.305700    99503        61.189100      -149.886200         20      2 
     13375   1997       32         0.377100         5.415300        -0.004900         1.222100         0.338400    99503        61.189100      -149.886200         20      2 
     13375   1998       32         0.546400         5.512600        -0.012500         1.002400         0.494400    99503        61.189100      -149.886200         20      2 
     13375   1999       32         0.507700         5.635400        -0.014700         1.044600         0.475300    99503        61.189100      -149.886200         20      2 
     13375   2000       32         0.445000         5.682200        -0.020600         1.267800         0.524100    99503        61.189100      -149.886200         20      2 
     13375   2001       32         0.400100         5.881300         0.006800         1.357200         0.549900    99503        61.189100      -149.886200         20      2 
     13375   2002       32         0.448300         5.910400         0.009100         1.220900         0.539200    99503        61.189100      -149.886200         20      2 
     13375   2003       32         0.380400         5.970700         0.021000         1.342800         0.527700    99503        61.189100      -149.886200         20      2 
     13375   2004       32         0.389200         6.054000         0.027900         1.442600         0.535500    99503        61.189100      -149.886200         20      2 
     13375   2005       32         0.398500         6.095900         0.024500         1.368500         0.528000    99503        61.189100      -149.886200         20      2 
     13375   2006       32         0.327000         6.170600         0.021200         1.646100         0.530100    99503        61.189100      -149.886200         20      2 
     13375   2007       32         0.454000         6.256300         0.015000         1.211300         0.582900    99503        61.189100      -149.886200         20      2 
     13375   2008       32         0.543500         6.356900        -0.001900         1.126000         0.634400    99503        61.189100      -149.886200         20      2 
     13375   2009       32         0.580800         6.391600         0.002600         1.058800         0.598700    99503        61.189100      -149.886200         20      2 
     13375   2010       32         0.499400         6.480400         0.006300         1.293100         0.613600    99503        61.189100      -149.886200         20      2 
     13375   2011       32         0.556200         6.522700         0.004300         1.175600         0.617400    99503        61.189100      -149.886200         20      2 
     13375   2012       32         0.548000         6.566900         0.006700         1.160000         0.619100    99503        61.189100      -149.886200         20      2 
     13375   2013       32         0.487100         6.700300         0.006200         1.145700         0.525400    99503        61.189100      -149.886200         20      2 
     13714   1996       32         0.336300         9.399700         0.043000         1.023000         0.109400    10019        40.767200       -73.991800         61     36 
     13714   1997       32         0.255500         9.488500         0.027500         1.078900         0.113000    10019        40.767200       -73.991800         61     36 
     13714   1998       32         0.110600         9.400700        -0.004300         1.604100         0.130400    10019        40.767200       -73.991800         61     36 
     13714   1999       32         0.107900         9.461900         0.014100         2.267700         0.139900    10019        40.767200       -73.991800         61     36 
     13714   2000       32         0.121400         9.905700        -0.033300         1.265800         0.079900    10019        40.767200       -73.991800         61     36 
     13714   2001       32         0.105300        10.052900        -0.002700         1.163300         0.069800    10019        40.767200       -73.991800         61     36 
     13714   2002       32         0.105700        10.110800         0.008000         1.097000         0.068100    10019        40.767200       -73.991800         61     36 
     13714   2003       32         0.095300        10.188200         0.015800         1.153300         0.066700    10019        40.767200       -73.991800         61     36 
     13714   2004       32         0.113200        10.022500        -0.194400         1.262500         0.068500    10019        40.767200       -73.991800         61     36 
     13714   2005       32         0.112400         9.584500        -0.104200         1.633800         0.075100    10019        40.767200       -73.991800         61     36 
     13714   2006       32         0.160300         9.569500         0.038600         1.010000         0.064700    10019        40.767200       -73.991800         61     36 
     13714   2007       32         0.190200         9.552100         0.028700         0.921800         0.072300    10019        40.767200       -73.991800         61     36 
     13714   2008       32         0.294100         9.543300        -0.288700         0.884600         0.111900    10019        40.767200       -73.991800         61     36 
     13714   2009       32         0.255100         9.473900         0.008400         1.017100         0.106000    10019        40.767200       -73.991800         61     36 
     13714   2010       32         0.204900         9.551100         0.026900         1.120000         0.103100    10019        40.767200       -73.991800         61     36 
     13714   2011       32         0.176200         9.564200         0.049900         1.296200         0.095800    10019        40.767200       -73.991800         61     36 
     13714   2012       32         0.147200         9.553200         0.060100         1.519900         0.085800    10019        40.767200       -73.991800         61     36 
     13714   2013       32         0.118300         9.634600         0.071000         2.062000         0.084700    10019        40.767200       -73.991800         61     36 
     14369   1996       32         0.118000         6.563600         0.069100         1.443200         0.312000    60631        41.999200       -87.821900         31     17 
     14369   1997       32         0.144200         6.777600         0.053500         1.428500         0.374800    60631        41.999200       -87.821900         31     17 
     14369   1998       32         0.120300         7.059200         0.086500         1.449500         0.331700    60631        41.999200       -87.821900         31     17 
     14369   1999       32         0.054200         7.257100         0.098700         2.879800         0.306000    60631        41.999200       -87.821900         31     17 
     14369   2000       32         0.078400         7.448700         0.055100         1.853600         0.330400    60631        41.999200       -87.821900         31     17 
     14369   2001       32         0.126300         7.547400         0.050200         1.418300         0.381000    60631        41.999200       -87.821900         31     17 
     14369   2002       32         0.295500         7.689600        -0.003800         0.944600         0.427200    60631        41.999200       -87.821900         31     17 
     14369   2003       32         0.228300         7.846400         0.012900         1.114200         0.441500    60631        41.999200       -87.821900         31     17 
     14369   2004       32         0.184400         7.951100         0.022100         1.246300         0.456500    60631        41.999200       -87.821900         31     17 
     14369   2005       32         0.185800         8.016900         0.029900         1.288200         0.471400    60631        41.999200       -87.821900         31     17 
     14369   2006       32         0.136400         8.153100         0.033100         1.547700         0.462800    60631        41.999200       -87.821900         31     17 
     14369   2007       32         0.102600         8.280800         0.055400         1.743200         0.462400    60631        41.999200       -87.821900         31     17 
     14369   2008       32         0.164200         8.353300         0.005900         1.101900         0.470800    60631        41.999200       -87.821900         31     17 
     14369   2009       32         0.144300         8.346600         0.038800         1.046300         0.452800    60631        41.999200       -87.821900         31     17 
     14369   2010       32         0.129100         8.337800         0.023000         1.133400         0.440700    60631        41.999200       -87.821900         31     17 
     14369   2011       32         0.137600         8.376600         0.029500         1.010900         0.440900    60631        41.999200       -87.821900         31     17 
     14369   2012       32         0.151000         8.401400         0.017500         0.883400         0.458800    60631        41.999200       -87.821900         31     17 
     14369   2013       32         0.133500         8.273800         0.021300         1.020200         0.443200    60631        41.999200       -87.821900         31     17 
     14535   1996       32         0.036400         7.023600         0.095100         2.286000         0.294300    45202        39.109400       -84.488500         61     39 
     14535   1997       32         0.150500         7.125200         0.107700         2.252400         0.210500    45202        39.109400       -84.488500         61     39 
     14535   1998       32         0.148500         7.283100         0.057500         2.209100         0.204100    45202        39.109400       -84.488500         61     39 
     14535   1999       32         0.158400         7.360300         0.062700         1.927500         0.192700    45202        39.109400       -84.488500         61     39 
     14535   2000       32         0.114400         7.450300         0.064900         2.427600         0.195100    45202        39.109400       -84.488500         61     39 
     14535   2001       32         0.111000         7.239200         0.053600         2.465900         0.149300    45202        39.109400       -84.488500         61     39 
     14535   2002       32         0.096500         7.337400         0.071200         2.617700         0.159100    45202        39.109400       -84.488500         61     39 
     14535   2003       32         0.057800         7.536800         0.094300         2.927200         0.159000    45202        39.109400       -84.488500         61     39 
     14535   2004       32         0.057900         7.681800         0.101000         2.688500         0.144900    45202        39.109400       -84.488500         61     39 
     14535   2005       32         0.086000         7.830000         0.072700         2.381700         0.130500    45202        39.109400       -84.488500         61     39 
     14535   2006       32         0.077200         7.823700         0.087600         2.285800         0.117800    45202        39.109400       -84.488500         61     39 
     14535   2007       32         0.056800         7.831300        -0.000400         2.219800         0.139700    45202        39.109400       -84.488500         61     39 
     14535   2008       32         0.099200         6.910500        -0.119000         0.566000         0.392200    45202        39.109400       -84.488500         61     39 
     14535   2009       32         0.048700         6.688800        -0.192500         0.937200         0.538700    45202        39.109400       -84.488500         61     39 
     14535   2010       32         0.001000         6.656600         0.166000         1.003900         0.470900    45202        39.109400       -84.488500         61     39 
     14535   2011       32         0.238000         6.592600        -0.018800         0.917900         0.399800    45202        39.109400       -84.488500         61     39 
     14535   2012       32         0.179400         6.807300         0.041400         1.060700         0.363700    45202        39.109400       -84.488500         61     39 
     14535   2013       32         0.122200         6.706700        -0.000500         1.694700         0.366200    45202        39.109400       -84.488500         61     39 
     15337   1996       32         0.219200         4.750600         0.087400         2.816200         0.068500    46204        39.772800       -86.159400         97     18 
     15337   1997       32         0.277600         4.952900         0.058400         2.500300         0.100300    46204        39.772800       -86.159400         97     18 
     15337   1998       32         0.395200         5.454600         0.003700         1.487700         0.104500    46204        39.772800       -86.159400         97     18 
     15337   1999       32         0.143600         5.787700        -0.000000         1.679300         0.097100    46204        39.772800       -86.159400         97     18 
     15337   2000       32         0.474600         6.156200         0.010300         1.175000         0.094900    46204        39.772800       -86.159400         97     18 
     15337   2001       32         0.487700         6.281900        -0.025600         1.220000         0.092100    46204        39.772800       -86.159400         97     18 
     15337   2002       32         0.493400         6.333900        -0.065500         1.170900         0.105600    46204        39.772800       -86.159400         97     18 
     15337   2003       32         0.431200         6.385000         0.001100         1.284200         0.094500    46204        39.772800       -86.159400         97     18 
     15337   2004       32         0.489100         6.428800        -0.132300         1.331000         0.106000    46204        39.772800       -86.159400         97     18 
     15337   2005       32         0.431500         5.962000         0.196300         1.221200         0.043900    46204        39.772800       -86.159400         97     18 
     15337   2006       32         0.392700         5.887600         0.075100         1.058300         0.050900    46204        39.772800       -86.159400         97     18 
     15337   2007       32         0.441200         5.892200        -0.001100         0.878600         0.051900    46204        39.772800       -86.159400         97     18 
     15337   2008       32         0.521100         5.813800        -0.263500         1.096600         0.074500    46204        39.772800       -86.159400         97     18 
     15337   2009       32         0.479900         5.495400        -0.165900         1.427200         0.100800    46204        39.772800       -86.159400         97     18 
     15337   2010       32         0.470000         5.530700        -0.031200         1.490600         0.096800    46204        39.772800       -86.159400         97     18 
     15337   2011       32         0.505500         5.468100         0.055400         1.380100         0.118900    46204        39.772800       -86.159400         97     18 
     15337   2012       32         0.426100         5.283600         0.128500         1.288200         0.124400    46204        39.772800       -86.159400         97     18 
     15337   2013       32         0.353100         5.328600         0.166200         1.360400         0.121500    46204        39.772800       -86.159400         97     18 
     21232   1996       32         0.048800         3.418100        -0.536100         3.636400         0.354400    92008        33.150800      -117.313200         73      6 
     21232   1997       32         0.006500         3.299200        -0.437000         1.699100         0.393300    92008        33.150800      -117.313200         73      6 
     21232   1998       32         0.024300         3.234800        -0.088500         1.434800         0.432300    92008        33.150800      -117.313200         73      6 
     21232   1999       32         0.068700         3.208700        -0.149000         7.228900         0.605700    92008        33.150800      -117.313200         73      6 
     21232   2000       32         0.234600         3.137600        -0.554700         1.976400         0.635600    92008        33.150800      -117.313200         73      6 
     21232   2001       32         0.104400         3.159500        -0.194200         3.374600         0.600100    92008        33.150800      -117.313200         73      6 
     21232   2002       32         0.083400         3.281300        -0.163600         5.216900         0.474200    92008        33.150800      -117.313200         73      6 
     21232   2003       32         0.007400         3.417400        -0.250000         9.087400         0.213200    92008        33.150800      -117.313200         73      6 
     21232   2004       32         0.005000         3.601500        -0.241300         6.006100         0.219500    92008        33.150800      -117.313200         73      6 
     21232   2005       32         0.016800         3.731900        -0.068700         2.978300         0.269300    92008        33.150800      -117.313200         73      6 
     21232   2006       32         0.004500         3.525900        -0.159000         3.123200         0.223100    92008        33.150800      -117.313200         73      6 
     21232   2007       32         0.000200         3.451300        -0.189500         1.894000         0.196600    92008        33.150800      -117.313200         73      6 
     21232   2008       32         0.003500         3.349800        -0.310000         0.975200         0.293900    92008        33.150800      -117.313200         73      6 
     21232   2009       32         0.014900         3.288900        -0.128700         2.225300         0.266400    92008        33.150800      -117.313200         73      6 
     21232   2010       32         0.018100         3.269900        -0.028000         2.023600         0.277200    92008        33.150800      -117.313200         73      6 
     21232   2011       32         0.022100         3.213700        -0.260500         1.751900         0.365300    92008        33.150800      -117.313200         73      6 
     21232   2012       32         0.008500         3.221400        -0.085400         1.548100         0.298900    92008        33.150800      -117.313200         73      6 
     21232   2013       32         0.030200         3.208800        -0.083200         3.589800         0.209400    92008        33.150800      -117.313200         73      6 
     24708   1996       32         0.348200         5.384100         0.049500         1.097600         0.553400     1915        42.567800       -70.858100          9     25 
     24708   1997       32         0.166400         4.775900         0.020700         0.992100         0.361300     1915        42.567800       -70.858100          9     25 
     24708   1998       32         0.146100         4.523500         0.147300         0.802400         0.367700     1915        42.567800       -70.858100          9     25 
     24708   1999       32         0.113900         4.455100         0.076500         0.760200         0.429500     1915        42.567800       -70.858100          9     25 
     24708   2000       32         0.040000         4.399400         0.093800         0.760300         0.525200     1915        42.567800       -70.858100          9     25 
     24708   2001       32         0.064500         4.490300         0.066600         0.871500         0.577100     1915        42.567800       -70.858100          9     25 
     24708   2002       32         0.042800         4.327000         0.066800         0.886000         0.588900     1915        42.567800       -70.858100          9     25 
     24708   2003       32         0.018800         4.434200         0.083000         1.255000         0.598700     1915        42.567800       -70.858100          9     25 
     24708   2004       32         0.053800         4.491500         0.079700         1.309200         0.567500     1915        42.567800       -70.858100          9     25 
     24708   2005       32         0.170500         4.637500         0.077100         1.398600         0.537600     1915        42.567800       -70.858100          9     25 
     24708   2006       32         0.088000         5.052100         0.100500         1.878100         0.457900     1915        42.567800       -70.858100          9     25 
     24708   2007       32         0.076900         5.235100         0.125400         1.885600         0.451900     1915        42.567800       -70.858100          9     25 
     24708   2008       32         0.124400         5.339200         0.101000         1.417900         0.472200     1915        42.567800       -70.858100          9     25 
     24708   2009       32         0.071300         5.491800         0.084700         2.301900         0.486000     1915        42.567800       -70.858100          9     25 
     24708   2010       32         0.250500         6.430000         0.086100         1.370100         0.560100     1915        42.567800       -70.858100          9     25 
     24708   2011       32         0.238600         6.633600         0.026300         1.353800         0.553000     1915        42.567800       -70.858100          9     25 
     24708   2012       32         0.232100         6.609800         0.056000         1.260900         0.494600     1915        42.567800       -70.858100          9     25 
     24708   2013       32         0.000000         5.683000         0.342200         1.292400         0.296200     1915        42.567800       -70.858100          9     25 
     24844   1996       32         0.769600         5.806200        -0.146000         1.040400         0.228200    22151        38.801600       -77.210900         59     51 
     24844   1997       32         0.855700         5.986100        -0.158600         1.137300         0.236600    22151        38.801600       -77.210900         59     51 
     24844   1998       32         0.875000         6.027400        -0.201900         1.269800         0.242200    22151        38.801600       -77.210900         59     51 
     24844   1999       32         0.697200         6.465900        -0.315800         1.410500         0.295800    22151        38.801600       -77.210900         59     51 
     24844   2000       32         0.750000         6.747700        -0.229000         1.071900         0.431900    22151        38.801600       -77.210900         59     51 
     24844   2001       32         0.029100         7.060100        -0.679400         3.546500         0.623100    22151        38.801600       -77.210900         59     51 
     24844   2002       32         0.602400         6.709000         2.547100         0.823300         0.693700    22151        38.801600       -77.210900         59     51 
     24844   2003       32         0.108800         6.394400         0.036800         1.081200         0.419500    22151        38.801600       -77.210900         59     51 
     24844   2004       32         0.081000         6.196800         0.023900         1.500200         0.281300    22151        38.801600       -77.210900         59     51 
     24844   2005       32         0.000000         6.429000         0.016500         1.349300         0.201600    22151        38.801600       -77.210900         59     51 
     24844   2006       32         0.000000         6.212000         0.063400         1.230600         0.155700    22151        38.801600       -77.210900         59     51 
     24844   2007       32         0.000000         6.053600        -0.008800         1.034900         0.156300    22151        38.801600       -77.210900         59     51 
     24844   2008       32         0.000000         5.887300        -0.324500         1.517100         0.239800    22151        38.801600       -77.210900         59     51 
     24844   2009       32         0.000000         5.672300         0.279900         1.416200         0.193400    22151        38.801600       -77.210900         59     51 
     24844   2010       32         0.000000         5.456400         0.364800         1.900600         0.117600    22151        38.801600       -77.210900         59     51 
     24844   2011       32         0.069900         5.521500         0.384300         1.154800         0.064000    22151        38.801600       -77.210900         59     51 
     24844   2012       32         0.000200         5.396800         0.077100         1.006400         0.064500    22151        38.801600       -77.210900         59     51 
     24844   2013       32         0.000100         5.350700         0.085300         1.120000         0.064600    22151        38.801600       -77.210900         59     51 
     25056   1996       32         0.004800         6.998400         0.073400         4.692200         0.105600    10019        40.767200       -73.991800         61     36 
     25056   1997       32         0.008200         7.430200        -0.520800         7.430900         0.275300    10019        40.767200       -73.991800         61     36 
     25056   1998       32         0.015100         7.863700         0.108700        11.158900         0.164000    10019        40.767200       -73.991800         61     36 
     25056   1999       32         0.002800         8.471800         0.344200        23.076500         0.122800    10019        40.767200       -73.991800         61     36 
     25056   2000       32         0.012900         8.837400         0.230400        11.858200         0.092900    10019        40.767200       -73.991800         61     36 
     25056   2001       32         0.115000        10.524700        -0.462300         0.952800         0.060800    10019        40.767200       -73.991800         61     36 
     25056   2002       32         0.226800        10.620400        -0.473400         1.050400         0.105200    10019        40.767200       -73.991800         61     36 
     25056   2003       32         0.184900        10.585700         0.022900         1.209900         0.103100    10019        40.767200       -73.991800         61     36 
     25056   2004       32         0.157300        10.647600         0.027600         1.230900         0.106200    10019        40.767200       -73.991800         61     36 
     25056   2005       32         0.145500        10.684000         0.023700         1.141100         0.111500    10019        40.767200       -73.991800         61     36 
     25056   2006       32         0.226500        10.697000         0.053500         1.183600         0.127400    10019        40.767200       -73.991800         61     36 
     25056   2007       32         0.278100        10.746800         0.033300         1.005900         0.134900    10019        40.767200       -73.991800         61     36 
     25056   2008       32         0.371200        10.757600        -0.100100         0.945600         0.161800    10019        40.767200       -73.991800         61     36 
     25056   2009       32         0.233400        10.157600         0.021700         1.005100         0.060300    10019        40.767200       -73.991800         61     36 
     25056   2010       32         0.240100        10.199500         0.039200         1.036300         0.058200    10019        40.767200       -73.991800         61     36 
     25056   2011       32         0.267300        10.274200         0.043400         1.077300         0.058500    10019        40.767200       -73.991800         61     36 
     25056   2012       32         0.239400        10.265700         0.044500         1.215200         0.057700    10019        40.767200       -73.991800         61     36 
     25056   2013       32         0.200700        10.302100         0.054000         1.477900         0.056300    10019        40.767200       -73.991800         61     36 
     27790   1996       32         0.243900         4.047300         0.052500         2.285500         0.308100    48236        42.421400       -82.898500        163     26 
     27790   1997       32         0.212500         4.208500         0.046600         2.579100         0.302700    48236        42.421400       -82.898500        163     26 
     27790   1998       32         0.204700         4.342100         0.056500         2.664000         0.273500    48236        42.421400       -82.898500        163     26 
     27790   1999       32         0.196300         4.511100         0.065800         2.688800         0.273600    48236        42.421400       -82.898500        163     26 
     27790   2000       32         0.265100         4.632300         0.053200         1.984400         0.265000    48236        42.421400       -82.898500        163     26 
     27790   2001       32         0.225800         4.653500         0.047600         2.304500         0.272100    48236        42.421400       -82.898500        163     26 
     27790   2002       32         0.199100         4.751700         0.068800         2.335300         0.265800    48236        42.421400       -82.898500        163     26 
     27790   2003       32         0.224100         4.806500         0.061300         2.061600         0.237700    48236        42.421400       -82.898500        163     26 
     27790   2004       32         0.238100         4.910000         0.060400         1.816200         0.236900    48236        42.421400       -82.898500        163     26 
     27790   2005       32         0.358400         4.954300         0.037700         1.303100         0.218500    48236        42.421400       -82.898500        163     26 
     27790   2006       32         0.351900         4.969400         0.039000         1.179300         0.228300    48236        42.421400       -82.898500        163     26 
     27790   2007       32         0.421700         4.976900         0.034100         0.912300         0.225700    48236        42.421400       -82.898500        163     26 
     27790   2008       32         0.735400         4.948400        -0.196900         0.831400         0.331400    48236        42.421400       -82.898500        163     26 
     27790   2009       32         0.631500         4.802400        -0.011700         0.947400         0.342100    48236        42.421400       -82.898500        163     26 
     27790   2010       32         0.417000         4.858400         0.074800         1.153000         0.328100    48236        42.421400       -82.898500        163     26 
     27790   2011       32         0.269500         4.854300         0.063200         1.346600         0.332000    48236        42.421400       -82.898500        163     26 
     27790   2012       32         0.202100         4.877200         0.094200         1.475000         0.296300    48236        42.421400       -82.898500        163     26 
     27790   2013       32         0.123800         4.871200         0.077400         1.925700         0.291600    48236        42.421400       -82.898500        163     26 
     60800   1996       32         0.542600         5.938800         0.001900         1.390400         0.090400    21030        39.491900       -76.665000          5     24 
     60800   1997       32         0.386100         6.248900        -0.006200         1.630700         0.079500    21030        39.491900       -76.665000          5     24 
     60800   1998       32         0.513000         6.603700        -0.008300         1.278200         0.072700    21030        39.491900       -76.665000          5     24 
     60800   1999       32         0.520800         6.599400         0.043500         1.056900         0.069600    21030        39.491900       -76.665000          5     24 
     60800   2000       32         0.544500         6.671900         0.021400         0.981000         0.082600    21030        39.491900       -76.665000          5     24 
     60800   2001       32         0.556000         6.567100        -0.037600         1.007600         0.085100    21030        39.491900       -76.665000          5     24 
     60800   2002       32         0.516700         6.602300        -0.167700         1.300800         0.129400    21030        39.491900       -76.665000          5     24 
     60800   2003       32         0.478400         6.606300         0.009400         1.411900         0.138700    21030        39.491900       -76.665000          5     24 
     60800   2004       32         0.542300         6.564200         0.009400         1.226300         0.137800    21030        39.491900       -76.665000          5     24 
     60800   2005       32         0.514500         6.541100         0.075400         1.235000         0.133300    21030        39.491900       -76.665000          5     24 
     60800   2006       32         0.486100         6.573900         0.023600         1.279600         0.121000    21030        39.491900       -76.665000          5     24 
     60800   2007       32         0.500000         6.578000         0.010000         1.208500         0.127900    21030        39.491900       -76.665000          5     24 
     60800   2008       32         0.639600         6.627300        -0.108600         1.184200         0.185500    21030        39.491900       -76.665000          5     24 
     60800   2009       32         0.641000         6.488400        -0.074700         1.334000         0.185400    21030        39.491900       -76.665000          5     24 
     60800   2010       32         0.525000         6.644000         0.047700         1.553800         0.183200    21030        39.491900       -76.665000          5     24 
     60800   2011       32         0.462100         6.641600         0.051000         1.660800         0.179200    21030        39.491900       -76.665000          5     24 
     60800   2012       32         0.587100         6.968500         0.092100         1.418600         0.161100    21030        39.491900       -76.665000          5     24 
     60800   2013       32         0.413900         7.218300         0.026900         1.767400         0.143700    21030        39.491900       -76.665000          5     24 
     60900   1996       32         0.443300         5.358500        -0.162100         1.751200         0.517500    80112        39.565700      -104.857800          5      8 
     60900   1997       32         0.500000         6.170500        -0.274100         1.532000         0.484500    80112        39.565700      -104.857800          5      8 
     60900   1998       32         0.336400         6.891300        -0.144500         2.485300         0.485300    80112        39.565700      -104.857800          5      8 
     60900   1999       32         0.115900         7.380200        -0.438800         6.758300         0.343700    80112        39.565700      -104.857800          5      8 
     60900   2000       32         0.250800         7.907000        -0.159400         3.449000         0.323900    80112        39.565700      -104.857800          5      8 
     60900   2001       32         0.279500         8.294600        -0.046200         3.139400         0.292000    80112        39.565700      -104.857800          5      8 
     60900   2002       32         0.316200         8.480900        -0.135200         2.902700         0.315400    80112        39.565700      -104.857800          5      8 
     60900   2003       32         0.278700         8.655300         0.035900         3.281800         0.247400    80112        39.565700      -104.857800          5      8 
     60900   2004       32         0.249500         8.875200         0.028300         3.857600         0.437900    80112        39.565700      -104.857800          5      8 
     60900   2005       32         0.291800         9.039100         0.251200         2.745200         0.474300    80112        39.565700      -104.857800          5      8 
     60900   2006       32         0.258600         9.192100         0.082100         2.758400         0.385500    80112        39.565700      -104.857800          5      8 
     60900   2007       32         0.232300         9.313900         0.077400         2.614000         0.402300    80112        39.565700      -104.857800          5      8 
     60900   2008       32         0.374500         9.360300         0.089500         2.069800         0.412300    80112        39.565700      -104.857800          5      8 
     60900   2009       32         0.330200         9.364400         0.098400         2.371900         0.366700    80112        39.565700      -104.857800          5      8 
     60900   2010       32         0.334400         9.444800         0.118700         2.022400         0.335600    80112        39.565700      -104.857800          5      8 
     60900   2011       32         0.304300         9.550300         0.157400         2.146600         0.276400    80112        39.565700      -104.857800          5      8 
     60900   2012       32         0.351400         9.565700         0.055500         1.946500         0.253300    80112        39.565700      -104.857800          5      8 
     60900   2013       32         0.297100         9.540100         0.046500         2.254700         0.201100    80112        39.565700      -104.857800          5      8 
     62317   1996       32         0.005000         3.967200        -0.056300         4.399800         0.119800    30305        33.834800       -84.388400        121     13 
     62317   1997       32         0.145000         5.439600        -0.181200         3.238000         0.169100    30305        33.834800       -84.388400        121     13 
     62317   1998       32         0.405200         6.099900        -0.197400         0.921300         0.167800    30305        33.834800       -84.388400        121     13 
     62317   1999       32         0.265300         6.130000        -0.041700         0.878800         0.154100    30305        33.834800       -84.388400        121     13 
     62317   2000       32         0.460700         6.082100        -0.076400         0.615100         0.185600    30305        33.834800       -84.388400        121     13 
     62317   2001       32         0.382300         6.049600        -0.383700         1.266900         0.236400    30305        33.834800       -84.388400        121     13 
     62317   2002       32         0.358100         5.835600         0.004900         1.429600         0.179400    30305        33.834800       -84.388400        121     13 
     62317   2003       32         0.147800         5.946200         0.073700         2.093500         0.187300    30305        33.834800       -84.388400        121     13 
     62317   2004       32         0.073100         6.110100         0.123400         2.140600         0.170000    30305        33.834800       -84.388400        121     13 
     62317   2005       32         0.129700         6.211500         0.108900         1.563700         0.152900    30305        33.834800       -84.388400        121     13 
     62317   2006       32         0.155000         6.209500         0.051500         1.629800         0.160300    30305        33.834800       -84.388400        121     13 
     62317   2007       32         0.206700         6.329200         0.055400         2.083300         0.177000    30305        33.834800       -84.388400        121     13 
     62317   2008       32         0.291700         6.438100         0.057700         1.407800         0.195300    30305        33.834800       -84.388400        121     13 
     62317   2009       32         0.300400         6.401100         0.020600         1.308100         0.202300    30305        33.834800       -84.388400        121     13 
     62317   2010       32         0.280500         6.093000         0.007100         1.209200         0.198000    30305        33.834800       -84.388400        121     13 
     62317   2011       32         0.276000         6.163000         0.039600         1.333400         0.190600    30305        33.834800       -84.388400        121     13 
     62317   2012       32         0.240600         6.227100         0.050800         1.393500         0.191700    30305        33.834800       -84.388400        121     13 
     62317   2013       32         0.278200         6.268800         0.033600         1.411600         0.151400    30305        33.834800       -84.388400        121     13 
     62396   1996       32         0.000000         4.072300        -3.727200         5.859500         0.284300     7102        40.735500       -74.172800         13     34 
     62396   1997       32         0.058200         4.914000        -0.087600         3.688900         0.439500     7102        40.735500       -74.172800         13     34 
     62396   1998       32         0.121200         5.818200        -0.109200         2.352000         0.180600     7102        40.735500       -74.172800         13     34 
     62396   1999       32         0.149400         6.597400        -0.056000         1.811800         0.221500     7102        40.735500       -74.172800         13     34 
     62396   2000       32         0.045200         6.998400         0.448000         1.675100         0.185100     7102        40.735500       -74.172800         13     34 
     62396   2001       32         0.042600         7.116400         0.436700         0.888200         0.119100     7102        40.735500       -74.172800         13     34 
     62396   2002       32         0.031400         7.334700        -0.161200         1.352700         0.155900     7102        40.735500       -74.172800         13     34 
     62396   2003       32         0.031500         7.515100        -0.010900         1.335700         0.165600     7102        40.735500       -74.172800         13     34 
     62396   2004       32         0.022400         7.704300        -0.055200         1.278500         0.139700     7102        40.735500       -74.172800         13     34 
     62396   2005       32         0.087100         7.811800        -0.023400         1.141000         0.187200     7102        40.735500       -74.172800         13     34 
     62396   2006       32         0.064700         7.708600        -0.090300         1.275900         0.165700     7102        40.735500       -74.172800         13     34 
     62396   2007       32         0.087700         7.607700         0.033300         1.129300         0.183800     7102        40.735500       -74.172800         13     34 
     62396   2008       32         0.154500         7.538500        -0.164100         0.792100         0.229200     7102        40.735500       -74.172800         13     34 
     62396   2009       32         0.128900         7.339300        -0.155000         0.791700         0.238500     7102        40.735500       -74.172800         13     34 
     62396   2010       32         0.054100         7.246000         0.036300         1.454300         0.187100     7102        40.735500       -74.172800         13     34 
     62396   2011       32         0.035200         7.350200         0.051800         1.595300         0.159800     7102        40.735500       -74.172800         13     34 
     62396   2012       32         0.052100         7.318400         0.068000         1.287500         0.189700     7102        40.735500       -74.172800         13     34 
     62396   2013       32         0.034300         7.391200         0.025700         1.887000         0.185400     7102        40.735500       -74.172800         13     34 
     62549   1996       32         0.001000         3.284200         0.309700         2.746000         0.180100     2842        41.517300       -71.271900          5     44 
     62549   1997       32         0.000200         3.279800         0.102900         1.764700         0.274000     2842        41.517300       -71.271900          5     44 
     62549   1998       32         0.000000         3.074100        -0.103900         0.557900         0.383400     2842        41.517300       -71.271900          5     44 
     62549   1999       32         0.106200         3.170600        -0.143900         1.395500         0.364400     2842        41.517300       -71.271900          5     44 
     62549   2000       32         0.063300         3.432500        -0.047400         2.064800         0.248400     2842        41.517300       -71.271900          5     44 
     62549   2001       32         0.038600         3.517700        -0.236300         2.175200         0.224100     2842        41.517300       -71.271900          5     44 
     62549   2002       32         0.026200         3.885600        -0.044500         3.164700         0.226900     2842        41.517300       -71.271900          5     44 
     62549   2003       32         0.008000         4.054800        -0.045200         9.635300         0.256000     2842        41.517300       -71.271900          5     44 
     62549   2004       32         0.016700         4.147900        -0.180400         1.978100         0.108300     2842        41.517300       -71.271900          5     44 
     62549   2005       32         0.015500         4.280200         0.038600         1.873800         0.105200     2842        41.517300       -71.271900          5     44 
     62549   2006       32         0.013500         4.381700         0.044600         1.904000         0.108200     2842        41.517300       -71.271900          5     44 
     62549   2007       32         0.016600         4.405700         0.028300         1.423300         0.128200     2842        41.517300       -71.271900          5     44 
     62549   2008       32         0.023200         4.423700         0.033400         0.932900         0.141700     2842        41.517300       -71.271900          5     44 
     62549   2009       32         0.017500         4.500500        -0.001400         2.299600         0.161400     2842        41.517300       -71.271900          5     44 
     62549   2010       32         0.019600         4.729500         0.084600         1.687800         0.200000     2842        41.517300       -71.271900          5     44 
     62549   2011       32         0.087400         4.732100         0.007500         1.128500         0.264600     2842        41.517300       -71.271900          5     44 
     62549   2012       32         0.043900         4.928100         0.027900         1.746300         0.267000     2842        41.517300       -71.271900          5     44 
     62549   2013       32         0.144000         5.095500         0.033000         1.449200         0.202000     2842        41.517300       -71.271900          5     44 

